5A A5 01 19 03 36 35 38 32 F1 5A A5 01 19 03 36 35 38 32 F1 5A A5 01 19 03 36 35 38 32 F1 5A A5 01 19 03 36 35 38 32 F1 5A A5 01 19 03 36 35 38 32 F1 
AA 2A 00 03 00 12 00 33 30 31 30 32 33 32 48 31 31 32 30 31 36 35 38 32 00 06 00 00 00 00 00 00 00 00 00 00 00 00 00 00 00 D0 07 00 00 00 00 00 00 00 00 00 00 00 00 00 00 00 00 00 00 00 00 00 00 00 00 00 00 00 00 00 00 00 00 00 00 00 00 00 00 00 00 D8 B3 
AA 2A 00 03 00 12 00 33 30 31 30 32 33 32 48 31 31 32 30 31 36 35 38 32 00 06 00 00 00 00 00 00 00 00 00 00 00 00 00 00 00 D0 07 00 00 00 00 00 00 00 00 00 00 00 00 00 00 00 00 00 00 00 00 00 00 00 00 00 00 00 00 00 00 00 00 00 00 00 00 00 00 00 00 D8 B3 
AA 2A 00 03 00 12 00 33 30 31 30 32 33 32 48 31 31 32 30 31 36 35 38 32 00 06 00 00 00 00 00 00 00 00 00 00 00 00 00 00 00 D0 07 00 00 00 00 00 00 00 00 00 00 00 00 00 00 00 00 00 00 00 00 00 00 00 00 00 00 00 00 00 00 00 00 00 00 00 00 00 00 00 00 D8 B3 
AA 2A 00 03 00 12 00 33 30 31 30 32 33 32 48 31 31 32 30 31 36 35 38 32 00 06 00 00 00 00 00 00 00 00 00 00 00 00 00 00 00 D0 07 00 00 00 00 00 00 00 00 00 00 00 00 00 00 00 00 00 00 00 00 00 00 00 00 00 00 00 00 00 00 00 00 00 00 00 00 00 00 00 00 D8 B3 
AA 2A 00 03 00 12 00 33 30 31 30 32 33 32 48 31 31 32 30 31 36 35 38 32 00 06 00 00 00 00 00 00 00 00 00 00 00 00 00 00 00 D0 07 00 00 00 00 00 00 00 00 00 00 00 00 00 00 00 00 00 00 00 00 00 00 00 00 00 00 00 00 00 00 00 00 00 00 00 00 00 00 00 00 D8 B3 
AA 2A 00 03 00 12 00 33 30 31 30 32 33 32 48 31 31 32 30 31 36 35 38 32 00 06 00 00 00 00 00 00 00 00 00 00 00 00 00 00 00 D0 07 00 00 00 00 00 00 00 00 00 00 00 00 00 00 00 00 00 00 00 00 00 00 00 00 00 00 00 00 00 00 00 00 00 00 00 00 00 00 00 00 D8 B3 
AA 2A 00 03 00 12 00 33 30 31 30 32 33 32 48 31 31 32 30 31 36 35 38 32 00 06 00 00 00 00 00 00 00 00 00 00 00 00 00 00 00 D0 07 00 00 00 00 00 00 00 00 00 00 00 00 00 00 00 00 00 00 00 00 00 00 00 00 00 00 00 00 00 00 00 00 00 00 00 00 00 00 00 00 D8 B3 
AA 2A 00 03 00 12 00 33 30 31 30 32 33 32 48 31 31 32 30 31 36 35 38 32 00 06 00 00 00 00 00 00 00 00 00 00 00 00 00 00 00 D0 07 00 00 00 00 00 00 00 00 00 00 00 00 00 00 00 00 00 00 00 00 00 00 00 00 00 00 00 00 00 00 00 00 00 00 00 00 00 00 00 00 D8 B3 
AA 2A 00 03 00 12 00 33 30 31 30 32 33 32 48 31 31 32 30 31 36 35 38 32 00 06 00 00 00 00 00 00 00 00 00 00 00 00 00 00 00 D0 07 00 00 00 00 00 00 00 00 00 00 00 00 00 00 00 00 00 00 00 00 00 00 00 00 00 00 00 00 00 00 00 00 00 00 00 00 00 00 00 00 D8 B3 55 
AA 07 0C 76 4E 00 A0 00 00 00 00 00 00 00 00 00 00 00 00 00 00 00 00 00 00 00 00 00 00 00 00 00 00 00 00 00 00 00 00 00 00 00 00 00 00 00 00 00 00 00 00 00 00 00 00 00 A0 01 60 55 
AA 07 0C 76 4E 00 A0 00 00 00 00 00 00 00 00 00 00 00 00 00 00 00 00 00 00 00 00 00 00 00 00 00 00 00 00 00 00 00 00 00 00 00 00 00 00 00 00 00 00 00 00 00 00 00 00 00 A0 01 60 55 
AA 07 0C 0B 4F 00 A0 00 00 00 00 00 00 00 00 00 00 00 00 00 00 00 00 00 00 00 00 00 00 00 00 00 00 00 00 00 00 00 00 00 00 00 00 00 00 00 00 00 00 00 00 00 00 00 00 00 A0 01 08 55 
AA 07 0C 0B 4F 00 A0 00 00 00 00 00 00 00 00 00 00 00 00 00 00 00 00 00 00 00 00 00 00 00 00 00 00 00 00 00 00 00 00 00 00 00 00 00 00 00 00 00 00 00 00 00 00 00 00 00 A0 01 08 55 
AA 07 0C 14 50 00 A0 00 00 00 00 00 00 00 00 00 00 00 00 00 00 00 00 00 00 00 00 00 00 00 00 00 00 00 00 00 00 00 00 00 00 00 00 00 00 00 00 00 00 00 00 00 00 00 00 00 A0 01 50 55 
AA 07 0C 14 50 00 A0 00 00 00 00 00 00 00 00 00 00 00 00 00 00 00 00 00 00 00 00 00 00 00 00 00 00 00 00 00 00 00 00 00 00 00 00 00 00 00 00 00 00 00 00 00 00 00 00 00 A0 01 50 55 
AA 07 0C 14 50 00 A0 00 00 00 00 00 00 00 00 00 00 00 00 00 00 00 00 00 00 00 00 00 00 00 00 00 00 00 00 00 00 00 00 00 00 00 00 00 00 00 00 00 00 00 00 00 00 00 00 00 A0 01 50 55 
AA 07 0C 22 50 00 A0 00 00 00 00 00 00 00 00 00 00 00 00 00 00 00 00 00 00 00 00 00 00 00 00 00 00 00 00 00 00 00 00 00 00 00 00 00 00 00 00 00 00 00 00 00 00 00 00 00 A0 01 40 55 
AA 07 0C 22 50 00 A0 00 00 00 00 00 00 00 00 00 00 00 00 00 00 00 00 00 00 00 00 00 00 00 00 00 00 00 00 00 00 00 00 00 00 00 00 00 00 00 00 00 00 00 00 00 00 00 00 00 A0 01 40 55 
AA 07 0C 50 50 00 A0 00 00 00 00 00 00 00 00 00 00 00 00 00 00 00 00 00 00 00 00 00 00 00 00 00 00 00 00 00 00 00 00 00 00 00 00 00 00 00 00 00 00 00 00 00 00 00 00 00 A0 01 30 55 
AA 07 0C 50 50 00 A0 00 00 00 00 00 00 00 00 00 00 00 00 00 00 00 00 00 00 00 00 00 00 00 00 00 00 00 00 00 00 00 00 00 00 00 00 00 00 00 00 00 00 00 00 00 00 00 00 00 A0 01 30 55 
AA 07 0C 29 51 00 A0 00 00 00 00 00 00 00 00 00 00 00 00 00 00 00 00 00 00 00 00 00 00 00 00 00 00 00 00 00 00 00 00 00 00 00 00 00 00 00 00 00 00 00 00 00 00 00 00 00 A0 01 78 55 
AA 07 0C 29 51 00 A0 00 00 00 00 00 00 00 00 00 00 00 00 00 00 00 00 00 00 00 00 00 00 00 00 00 00 00 00 00 00 00 00 00 00 00 00 00 00 00 00 00 00 00 00 00 00 00 00 00 A0 01 78 55 
AA 07 0C 2F 51 00 A0 00 00 00 00 00 00 00 00 00 00 00 00 00 00 00 00 00 00 00 00 00 00 00 00 00 00 00 00 00 00 00 00 00 00 00 00 00 00 00 00 00 00 00 00 00 00 00 00 00 A0 01 28 55 
AA 07 0C 2F 51 00 A0 00 00 00 00 00 00 00 00 00 00 00 00 00 00 00 00 00 00 00 00 00 00 00 00 00 00 00 00 00 00 00 00 00 00 00 00 00 00 00 00 00 00 00 00 00 00 00 00 00 A0 01 28 55 
AA 07 0C 2F 51 00 A0 00 00 00 00 00 00 00 00 00 00 00 00 00 00 00 00 00 00 00 00 00 00 00 00 00 00 00 00 00 00 00 00 00 00 00 00 00 00 00 00 00 00 00 00 00 00 00 00 00 A0 01 28 55 
AA 07 0C A9 51 00 A0 00 00 00 00 00 00 00 00 00 00 00 00 00 00 00 00 00 00 00 00 00 00 00 00 00 00 00 00 00 00 00 00 00 00 00 00 00 00 00 00 00 00 00 00 00 00 00 00 00 A0 01 78 55 
AA 07 0C A9 51 00 A0 00 00 00 00 00 00 00 00 00 00 00 00 00 00 00 00 00 00 00 00 00 00 00 00 00 00 00 00 00 00 00 00 00 00 00 00 00 00 00 00 00 00 00 00 00 00 00 00 00 A0 01 78 55 
AA 07 0C 16 52 00 A0 00 00 00 00 00 00 00 00 00 00 00 00 00 00 00 00 00 00 00 00 00 00 00 00 00 00 00 00 00 00 00 00 00 00 00 00 00 00 00 00 00 00 00 00 00 00 00 00 00 A0 01 60 55 
AA 07 0C 16 52 00 A0 00 00 00 00 00 00 00 00 00 00 00 00 00 00 00 00 00 00 00 00 00 00 00 00 00 00 00 00 00 00 00 00 00 00 00 00 00 00 00 00 00 00 00 00 00 00 00 00 00 A0 01 60 55 
AA 07 0C 17 52 00 A0 00 00 00 00 00 00 00 00 00 00 00 00 00 00 00 00 00 00 00 00 00 00 00 00 00 00 00 00 00 00 00 00 00 00 00 00 00 00 00 00 00 00 00 00 00 00 00 00 00 A0 01 68 55 
AA 07 0C 17 52 00 A0 00 00 00 00 00 00 00 00 00 00 00 00 00 00 00 00 00 00 00 00 00 00 00 00 00 00 00 00 00 00 00 00 00 00 00 00 00 00 00 00 00 00 00 00 00 00 00 00 00 A0 01 68 55 
AA 07 0C 55 52 00 A0 00 00 00 00 00 00 00 00 00 00 00 00 00 00 00 00 00 00 00 00 00 00 00 00 00 00 00 00 00 00 00 00 00 00 00 00 00 00 00 00 00 00 00 00 00 00 00 00 00 A0 01 58 55 
AA 07 0C 55 52 00 A0 00 00 00 00 00 00 00 00 00 00 00 00 00 00 00 00 00 00 00 00 00 00 00 00 00 00 00 00 00 00 00 00 00 00 00 00 00 00 00 00 00 00 00 00 00 00 00 00 00 A0 01 58 55 
AA 07 0C 55 52 00 A0 00 00 00 00 00 00 00 00 00 00 00 00 00 00 00 00 00 00 00 00 00 00 00 00 00 00 00 00 00 00 00 00 00 00 00 00 00 00 00 00 00 00 00 00 00 00 00 00 00 A0 01 58 55 
AA 07 0C 60 52 00 A0 00 00 00 00 00 00 00 00 00 00 00 00 00 00 00 00 00 00 00 00 00 00 00 00 00 00 00 00 00 00 00 00 00 00 00 00 00 00 00 00 00 00 00 00 00 00 00 00 00 A0 01 30 55 
AA 07 0C 60 52 00 A0 00 00 00 00 00 00 00 00 00 00 00 00 00 00 00 00 00 00 00 00 00 00 00 00 00 00 00 00 00 00 00 00 00 00 00 00 00 00 00 00 00 00 00 00 00 00 00 00 00 A0 01 30 55 
AA 07 0C 51 52 00 A0 00 00 00 00 00 00 00 00 00 00 00 00 00 00 00 00 00 00 00 00 00 00 00 00 00 00 00 00 00 00 00 00 00 00 00 00 00 00 00 00 00 00 00 00 00 00 00 00 00 A0 01 38 55 
AA 07 0C 51 52 00 A0 00 00 00 00 00 00 00 00 00 00 00 00 00 00 00 00 00 00 00 00 00 00 00 00 00 00 00 00 00 00 00 00 00 00 00 00 00 00 00 00 00 00 00 00 00 00 00 00 00 A0 01 38 55 
AA 07 0C DA 52 00 A0 00 00 00 00 00 00 00 00 00 00 00 00 00 00 00 00 00 00 00 00 00 00 00 00 00 00 00 00 00 00 00 00 00 00 00 00 00 00 00 00 00 00 00 00 00 00 00 00 00 A0 01 00 55 
AA 07 0C DA 52 00 A0 00 00 00 00 00 00 00 00 00 00 00 00 00 00 00 00 00 00 00 00 00 00 00 00 00 00 00 00 00 00 00 00 00 00 00 00 00 00 00 00 00 00 00 00 00 00 00 00 00 A0 01 00 55 
AA 07 0C 9A 52 00 A0 00 00 00 00 00 00 00 00 00 00 00 00 00 00 00 00 00 00 00 00 00 00 00 00 00 00 00 00 00 00 00 00 00 00 00 00 00 00 00 00 00 00 00 00 00 00 00 00 00 A0 01 00 55 
AA 07 0C 9A 52 00 A0 00 00 00 00 00 00 00 00 00 00 00 00 00 00 00 00 00 00 00 00 00 00 00 00 00 00 00 00 00 00 00 00 00 00 00 00 00 00 00 00 00 00 00 00 00 00 00 00 00 A0 01 00 55 
AA 07 0C E1 52 00 A0 00 00 00 00 00 00 00 00 00 00 00 00 00 00 00 00 00 00 00 00 00 00 00 00 00 00 00 00 00 00 00 00 00 00 00 00 00 00 00 00 00 00 00 00 00 00 00 00 00 A0 01 38 55 
AA 07 0C E1 52 00 A0 00 00 00 00 00 00 00 00 00 00 00 00 00 00 00 00 00 00 00 00 00 00 00 00 00 00 00 00 00 00 00 00 00 00 00 00 00 00 00 00 00 00 00 00 00 00 00 00 00 A0 01 38 55 
AA 07 0C E1 52 00 A0 00 00 00 00 00 00 00 00 00 00 00 00 00 00 00 00 00 00 00 00 00 00 00 00 00 00 00 00 00 00 00 00 00 00 00 00 00 00 00 00 00 00 00 00 00 00 00 00 00 A0 01 38 55 
AA 07 0C B5 52 00 A0 00 00 00 00 00 00 00 00 00 00 00 00 00 00 00 00 00 00 00 00 00 00 00 00 00 00 00 00 00 00 00 00 00 00 00 00 00 00 00 00 00 00 00 00 00 00 00 00 00 A0 01 58 55 
AA 07 0C B5 52 00 A0 00 00 00 00 00 00 00 00 00 00 00 00 00 00 00 00 00 00 00 00 00 00 00 00 00 00 00 00 00 00 00 00 00 00 00 00 00 00 00 00 00 00 00 00 00 00 00 00 00 A0 01 58 55 
AA 07 0C 05 53 00 A0 00 00 00 00 00 00 00 00 00 00 00 00 00 00 00 00 00 00 00 00 00 00 00 00 00 00 00 00 00 00 00 00 00 00 00 00 00 00 00 00 00 00 00 00 00 00 00 00 00 A0 01 58 55 
AA 07 0C 05 53 00 A0 00 00 00 00 00 00 00 00 00 00 00 00 00 00 00 00 00 00 00 00 00 00 00 00 00 00 00 00 00 00 00 00 00 00 00 00 00 00 00 00 00 00 00 00 00 00 00 00 00 A0 01 58 55 
AA 07 0C 76 52 00 A0 00 00 00 00 00 00 00 00 00 00 00 00 00 00 00 00 00 00 00 00 00 00 00 00 00 00 00 00 00 00 00 00 00 00 00 00 00 00 00 00 00 00 00 00 00 00 00 00 00 A0 01 60 55 
AA 07 0C 76 52 00 A0 00 00 00 00 00 00 00 00 00 00 00 00 00 00 00 00 00 00 00 00 00 00 00 00 00 00 00 00 00 00 00 00 00 00 00 00 00 00 00 00 00 00 00 00 00 00 00 00 00 A0 01 60 55 
AA 07 0C 29 52 00 A0 00 00 00 00 00 00 00 00 00 00 00 00 00 00 00 00 00 00 00 00 00 00 00 00 00 00 00 00 00 00 00 00 00 00 00 00 00 00 00 00 00 00 00 00 00 00 00 00 00 A0 01 78 55 
AA 07 0C 29 52 00 A0 00 00 00 00 00 00 00 00 00 00 00 00 00 00 00 00 00 00 00 00 00 00 00 00 00 00 00 00 00 00 00 00 00 00 00 00 00 00 00 00 00 00 00 00 00 00 00 00 00 A0 01 78 55 
AA 07 0C 92 52 00 A0 00 00 00 00 00 00 00 00 00 00 00 00 00 00 00 00 00 00 00 00 00 00 00 00 00 00 00 00 00 00 00 00 00 00 00 00 00 00 00 00 00 00 00 00 00 00 00 00 00 A0 01 40 55 
AA 07 0C 92 52 00 A0 00 00 00 00 00 00 00 00 00 00 00 00 00 00 00 00 00 00 00 00 00 00 00 00 00 00 00 00 00 00 00 00 00 00 00 00 00 00 00 00 00 00 00 00 00 00 00 00 00 A0 01 40 55 
AA 07 0C 92 52 00 A0 00 00 00 00 00 00 00 00 00 00 00 00 00 00 00 00 00 00 00 00 00 00 00 00 00 00 00 00 00 00 00 00 00 00 00 00 00 00 00 00 00 00 00 00 00 00 00 00 00 A0 01 40 55 
AA 07 0C 1F 52 00 A0 00 00 00 00 00 00 00 00 00 00 00 00 00 00 00 00 00 00 00 00 00 00 00 00 00 00 00 00 00 00 00 00 00 00 00 00 00 00 00 00 00 00 00 00 00 00 00 00 00 A0 01 28 55 
AA 07 0C 1F 52 00 A0 00 00 00 00 00 00 00 00 00 00 00 00 00 00 00 00 00 00 00 00 00 00 00 00 00 00 00 00 00 00 00 00 00 00 00 00 00 00 00 00 00 00 00 00 00 00 00 00 00 A0 01 28 55 
AA 07 0C F8 51 00 A0 00 00 00 00 00 00 00 00 00 00 00 00 00 00 00 00 00 00 00 00 00 00 00 00 00 00 00 00 00 00 00 00 00 00 00 00 00 00 00 00 00 00 00 00 00 00 00 00 00 A0 01 70 55 
AA 07 0C F8 51 00 A0 00 00 00 00 00 00 00 00 00 00 00 00 00 00 00 00 00 00 00 00 00 00 00 00 00 00 00 00 00 00 00 00 00 00 00 00 00 00 00 00 00 00 00 00 00 00 00 00 00 A0 01 70 55 
AA 07 0C D5 51 00 A0 00 00 00 00 00 00 00 00 00 00 00 00 00 00 00 00 00 00 00 00 00 00 00 00 00 00 00 00 00 00 00 00 00 00 00 00 00 00 00 00 00 00 00 00 00 00 00 00 00 A0 01 58 55 
AA 07 0C D5 51 00 A0 00 00 00 00 00 00 00 00 00 00 00 00 00 00 00 00 00 00 00 00 00 00 00 00 00 00 00 00 00 00 00 00 00 00 00 00 00 00 00 00 00 00 00 00 00 00 00 00 00 A0 01 58 55 
AA 07 0C AE 51 00 A0 00 00 00 00 00 00 00 00 00 00 00 00 00 00 00 00 00 00 00 00 00 00 00 00 00 00 00 00 00 00 00 00 00 00 00 00 00 00 00 00 00 00 00 00 00 00 00 00 00 A0 01 20 55 
AA 07 0C AE 51 00 A0 00 00 00 00 00 00 00 00 00 00 00 00 00 00 00 00 00 00 00 00 00 00 00 00 00 00 00 00 00 00 00 00 00 00 00 00 00 00 00 00 00 00 00 00 00 00 00 00 00 A0 01 20 55 
AA 07 0C AE 51 00 A0 00 00 00 00 00 00 00 00 00 00 00 00 00 00 00 00 00 00 00 00 00 00 00 00 00 00 00 00 00 00 00 00 00 00 00 00 00 00 00 00 00 00 00 00 00 00 00 00 00 A0 01 20 55 
AA 07 0C F0 51 00 A0 00 00 00 00 00 00 00 00 00 00 00 00 00 00 00 00 00 00 00 00 00 00 00 00 00 00 00 00 00 00 00 00 00 00 00 00 00 00 00 00 00 00 00 00 00 00 00 00 00 A0 01 30 55 
AA 07 0C F0 51 00 A0 00 00 00 00 00 00 00 00 00 00 00 00 00 00 00 00 00 00 00 00 00 00 00 00 00 00 00 00 00 00 00 00 00 00 00 00 00 00 00 00 00 00 00 00 00 00 00 00 00 A0 01 30 55 
AA 07 0C F9 51 00 A0 00 00 00 00 00 00 00 00 00 00 00 00 00 00 00 00 00 00 00 00 00 00 00 00 00 00 00 00 00 00 00 00 00 00 00 00 00 00 00 00 00 00 00 00 00 00 00 00 00 A0 01 78 55 
AA 07 0C F9 51 00 A0 00 00 00 00 00 00 00 00 00 00 00 00 00 00 00 00 00 00 00 00 00 00 00 00 00 00 00 00 00 00 00 00 00 00 00 00 00 00 00 00 00 00 00 00 00 00 00 00 00 A0 01 78 55 
AA 07 0C B0 51 00 A0 00 00 00 00 00 00 00 00 00 00 00 00 00 00 00 00 00 00 00 00 00 00 00 00 00 00 00 00 00 00 00 00 00 00 00 00 00 00 00 00 00 00 00 00 00 00 00 00 00 A0 01 30 55 
AA 07 0C B0 51 00 A0 00 00 00 00 00 00 00 00 00 00 00 00 00 00 00 00 00 00 00 00 00 00 00 00 00 00 00 00 00 00 00 00 00 00 00 00 00 00 00 00 00 00 00 00 00 00 00 00 00 A0 01 30 55 
AA 07 0C 0F 52 00 A0 00 00 00 00 00 00 00 00 00 00 00 00 00 00 00 00 00 00 00 00 00 00 00 00 00 00 00 00 00 00 00 00 00 00 00 00 00 00 00 00 00 00 00 00 00 00 00 00 00 A0 01 28 55 
AA 07 0C 0F 52 00 A0 00 00 00 00 00 00 00 00 00 00 00 00 00 00 00 00 00 00 00 00 00 00 00 00 00 00 00 00 00 00 00 00 00 00 00 00 00 00 00 00 00 00 00 00 00 00 00 00 00 A0 01 28 55 
AA 07 0C CA 51 00 A0 00 00 00 00 00 00 00 00 00 00 00 00 00 00 00 00 00 00 00 00 00 00 00 00 00 00 00 00 00 00 00 00 00 00 00 00 00 00 00 00 00 00 00 00 00 00 00 00 00 A0 01 00 55 
AA 07 0C CA 51 00 A0 00 00 00 00 00 00 00 00 00 00 00 00 00 00 00 00 00 00 00 00 00 00 00 00 00 00 00 00 00 00 00 00 00 00 00 00 00 00 00 00 00 00 00 00 00 00 00 00 00 A0 01 00 55 
AA 07 0C CA 51 00 A0 00 00 00 00 00 00 00 00 00 00 00 00 00 00 00 00 00 00 00 00 00 00 00 00 00 00 00 00 00 00 00 00 00 00 00 00 00 00 00 00 00 00 00 00 00 00 00 00 00 A0 01 00 55 
AA 07 0C 3D 52 00 A0 00 00 00 00 00 00 00 00 00 00 00 00 00 00 00 00 00 00 00 00 00 00 00 00 00 00 00 00 00 00 00 00 00 00 00 00 00 00 00 00 00 00 00 00 00 00 00 00 00 A0 01 18 55 
AA 07 0C 3D 52 00 A0 00 00 00 00 00 00 00 00 00 00 00 00 00 00 00 00 00 00 00 00 00 00 00 00 00 00 00 00 00 00 00 00 00 00 00 00 00 00 00 00 00 00 00 00 00 00 00 00 00 A0 01 18 55 
AA 07 0C 1B 52 00 A0 00 00 00 00 00 00 00 00 00 00 00 00 00 00 00 00 00 00 00 00 00 00 00 00 00 00 00 00 00 00 00 00 00 00 00 00 00 00 00 00 00 00 00 00 00 00 00 00 00 A0 01 08 55 
AA 07 0C 1B 52 00 A0 00 00 00 00 00 00 00 00 00 00 00 00 00 00 00 00 00 00 00 00 00 00 00 00 00 00 00 00 00 00 00 00 00 00 00 00 00 00 00 00 00 00 00 00 00 00 00 00 00 A0 01 08 55 
AA 07 0C 56 52 00 A0 00 00 00 00 00 00 00 00 00 00 00 00 00 00 00 00 00 00 00 00 00 00 00 00 00 00 00 00 00 00 00 00 00 00 00 00 00 00 00 00 00 00 00 00 00 00 00 00 00 A0 01 60 55 
AA 07 0C 56 52 00 A0 00 00 00 00 00 00 00 00 00 00 00 00 00 00 00 00 00 00 00 00 00 00 00 00 00 00 00 00 00 00 00 00 00 00 00 00 00 00 00 00 00 00 00 00 00 00 00 00 00 A0 01 60 55 
AA 07 0C AE 51 00 A0 00 00 00 00 00 00 00 00 00 00 00 00 00 00 00 00 00 00 00 00 00 00 00 00 00 00 00 00 00 00 00 00 00 00 00 00 00 00 00 00 00 00 00 00 00 00 00 00 00 A0 01 20 55 
AA 07 0C AE 51 00 A0 00 00 00 00 00 00 00 00 00 00 00 00 00 00 00 00 00 00 00 00 00 00 00 00 00 00 00 00 00 00 00 00 00 00 00 00 00 00 00 00 00 00 00 00 00 00 00 00 00 A0 01 20 55 
AA 07 0C AE 51 00 A0 00 00 00 00 00 00 00 00 00 00 00 00 00 00 00 00 00 00 00 00 00 00 00 00 00 00 00 00 00 00 00 00 00 00 00 00 00 00 00 00 00 00 00 00 00 00 00 00 00 A0 01 20 55 
AA 07 0C 63 51 00 A0 00 00 00 00 00 00 00 00 00 00 00 00 00 00 00 00 00 00 00 00 00 00 00 00 00 00 00 00 00 00 00 00 00 00 00 00 00 00 00 00 00 00 00 00 00 00 00 00 00 A0 01 48 55 
AA 07 0C 63 51 00 A0 00 00 00 00 00 00 00 00 00 00 00 00 00 00 00 00 00 00 00 00 00 00 00 00 00 00 00 00 00 00 00 00 00 00 00 00 00 00 00 00 00 00 00 00 00 00 00 00 00 A0 01 48 55 
AA 07 0C CD 51 00 A0 00 00 00 00 00 00 00 00 00 00 00 00 00 00 00 00 00 00 00 00 00 00 00 00 00 00 00 00 00 00 00 00 00 00 00 00 00 00 00 00 00 00 00 00 00 00 00 00 00 A0 01 18 55 
AA 07 0C CD 51 00 A0 00 00 00 00 00 00 00 00 00 00 00 00 00 00 00 00 00 00 00 00 00 00 00 00 00 00 00 00 00 00 00 00 00 00 00 00 00 00 00 00 00 00 00 00 00 00 00 00 00 A0 01 18 55 
AA 07 0C 42 51 00 A0 00 00 00 00 00 00 00 00 00 00 00 00 00 00 00 00 00 00 00 00 00 00 00 00 00 00 00 00 00 00 00 00 00 00 00 00 00 00 00 00 00 00 00 00 00 00 00 00 00 A0 01 40 55 
AA 07 0C 42 51 00 A0 00 00 00 00 00 00 00 00 00 00 00 00 00 00 00 00 00 00 00 00 00 00 00 00 00 00 00 00 00 00 00 00 00 00 00 00 00 00 00 00 00 00 00 00 00 00 00 00 00 A0 01 40 55 
AA 07 0C 02 51 00 A0 00 00 00 00 00 00 00 00 00 00 00 00 00 00 00 00 00 00 00 00 00 00 00 00 00 00 00 00 00 00 00 00 00 00 00 00 00 00 00 00 00 00 00 00 00 00 00 00 00 A0 01 40 55 
AA 07 0C 02 51 00 A0 00 00 00 00 00 00 00 00 00 00 00 00 00 00 00 00 00 00 00 00 00 00 00 00 00 00 00 00 00 00 00 00 00 00 00 00 00 00 00 00 00 00 00 00 00 00 00 00 00 A0 01 40 55 
AA 07 0C 02 51 00 A0 00 00 00 00 00 00 00 00 00 00 00 00 00 00 00 00 00 00 00 00 00 00 00 00 00 00 00 00 00 00 00 00 00 00 00 00 00 00 00 00 00 00 00 00 00 00 00 00 00 A0 01 40 55 
AA 07 0C E5 50 00 A0 00 00 00 00 00 00 00 00 00 00 00 00 00 00 00 00 00 00 00 00 00 00 00 00 00 00 00 00 00 00 00 00 00 00 00 00 00 00 00 00 00 00 00 00 00 00 00 00 00 A0 01 58 55 
AA 07 0C E5 50 00 A0 00 00 00 00 00 00 00 00 00 00 00 00 00 00 00 00 00 00 00 00 00 00 00 00 00 00 00 00 00 00 00 00 00 00 00 00 00 00 00 00 00 00 00 00 00 00 00 00 00 A0 01 58 55 
AA 07 0C AC 50 00 A0 00 00 00 00 00 00 00 00 00 00 00 00 00 00 00 00 00 00 00 00 00 00 00 00 00 00 00 00 00 00 00 00 00 00 00 00 00 00 00 00 00 00 00 00 00 00 00 00 00 A0 01 10 55 
AA 07 0C AC 50 00 A0 00 00 00 00 00 00 00 00 00 00 00 00 00 00 00 00 00 00 00 00 00 00 00 00 00 00 00 00 00 00 00 00 00 00 00 00 00 00 00 00 00 00 00 00 00 00 00 00 00 A0 01 10 55 
AA 07 0C 98 50 00 A0 00 00 00 00 00 00 00 00 00 00 00 00 00 00 00 00 00 00 00 00 00 00 00 00 00 00 00 00 00 00 00 00 00 00 00 00 00 00 00 00 00 00 00 00 00 00 00 00 00 A0 01 70 55 
AA 07 0C 98 50 00 A0 00 00 00 00 00 00 00 00 00 00 00 00 00 00 00 00 00 00 00 00 00 00 00 00 00 00 00 00 00 00 00 00 00 00 00 00 00 00 00 00 00 00 00 00 00 00 00 00 00 A0 01 70 55 
AA 07 0C 6B 50 00 A0 00 00 00 00 00 00 00 00 00 00 00 00 00 00 00 00 00 00 00 00 00 00 00 00 00 00 00 00 00 00 00 00 00 00 00 00 00 00 00 00 00 00 00 00 00 00 00 00 00 A0 01 08 55 
AA 07 0C 6B 50 00 A0 00 00 00 00 00 00 00 00 00 00 00 00 00 00 00 00 00 00 00 00 00 00 00 00 00 00 00 00 00 00 00 00 00 00 00 00 00 00 00 00 00 00 00 00 00 00 00 00 00 A0 01 08 55 
AA 07 0C 6B 50 00 A0 00 00 00 00 00 00 00 00 00 00 00 00 00 00 00 00 00 00 00 00 00 00 00 00 00 00 00 00 00 00 00 00 00 00 00 00 00 00 00 00 00 00 00 00 00 00 00 00 00 A0 01 08 55 
AA 07 0C 5B 50 00 A0 00 00 00 00 00 00 00 00 00 00 00 00 00 00 00 00 00 00 00 00 00 00 00 00 00 00 00 00 00 00 00 00 00 00 00 00 00 00 00 00 00 00 00 00 00 00 00 00 00 A0 01 08 55 
AA 07 0C 5B 50 00 A0 00 00 00 00 00 00 00 00 00 00 00 00 00 00 00 00 00 00 00 00 00 00 00 00 00 00 00 00 00 00 00 00 00 00 00 00 00 00 00 00 00 00 00 00 00 00 00 00 00 A0 01 08 55 
AA 07 0C FE 50 6C A7 00 80 00 00 00 80 00 00 00 80 00 00 00 80 00 00 00 80 00 00 00 80 00 00 00 80 00 00 00 80 00 00 00 80 00 00 00 80 00 00 00 80 00 00 00 80 00 00 6C A7 C1 2C 55 
AA 07 0C FE 50 6C A7 00 80 00 00 61 00 6C 00 00 80 00 00 00 80 00 00 00 80 00 00 00 80 00 00 89 02 01 00 00 80 00 00 00 80 00 00 B2 20 00 00 84 20 00 00 36 20 00 00 63 
AA E2 38 55 
AA 07 0C FE 50 A8 
AA 58 20 00 00 15 01 2B 00 00 80 00 00 00 80 00 00 2C 1F 00 00 68 1F 00 00 13 1F 00 00 00 80 00 00 00 80 00 00 98 1F 00 00 00 80 00 00 00 80 00 00 99 AD EC 7F 55 
AA 07 0C 
AA 50 DE AD 00 80 00 00 00 80 00 00 80 1F 00 00 A1 1F 00 00 A6 1F 00 00 D0 1F 00 00 BA 1F 00 00 B4 1F 00 00 DC 1F 00 00 D6 1F 00 00 78 1F 00 00 00 80 00 00 D1 B0 5A 03 55 
AA 07 0C 
AA 50 16 B1 00 80 00 00 00 80 00 00 00 80 00 00 F8 20 00 00 BB 20 00 00 DB 20 00 00 00 80 00 00 42 21 00 00 7A 21 00 00 00 80 00 00 7A 00 16 00 00 80 00 00 15 B4 9A 21 55 
AA 07 0C FC 50 5A B4 83 22 00 00 99 22 00 00 F4 22 00 00 28 23 00 00 00 80 00 00 00 80 00 00 00 80 00 00 00 80 00 00 00 80 00 00 00 80 00 00 00 80 00 00 DC 02 0D 00 50 B7 6B 3A 55 
AA 07 0C FC 50 95 B7 C6 02 13 00 A2 02 15 00 89 02 15 00 7E 02 16 00 6F 02 17 00 5B 02 17 00 46 02 1F 00 46 02 1C 00 41 02 1C 00 35 02 1B 00 2E 02 19 00 15 02 1A 00 8A BA DF 34 55 
AA 07 0C D3 50 CF BA 0F 02 1D 00 0A 02 1D 00 F9 01 1D 00 F3 01 1F 00 D2 01 1D 00 D0 01 21 00 DE 01 11 00 A6 01 1F 00 93 01 23 00 8B 01 24 00 88 01 27 00 87 01 25 00 C4 BD E7 48 55 
AA 07 0C 21 51 12 BE 8A 01 23 00 90 01 21 00 96 01 22 00 9F 01 1E 00 AC 01 18 00 CB 01 0D 00 00 80 00 00 00 80 00 00 3C 04 0B 00 2A 04 0B 00 1E 04 0C 00 0D 04 0C 00 09 C1 EA 02 55 
AA 07 0C 21 51 4F C1 FC 03 0B 00 ED 03 0C 00 DB 03 0D 00 C9 03 0C 00 B8 03 0D 00 
AA 03 0D 00 9A 03 0D 00 8A 03 0D 00 79 03 0E 00 6B 03 10 00 74 03 03 00 00 80 00 00 40 C4 74 37 55 
AA 07 0C A3 50 85 C4 00 80 00 00 00 80 00 00 00 80 00 00 00 80 00 00 8C 1B 00 00 00 80 00 00 00 80 00 00 67 18 02 00 73 18 02 00 00 80 00 00 00 80 00 00 00 80 00 00 78 C7 D9 1F 55 
AA 07 0C A3 50 BC C7 00 80 00 00 00 80 00 00 00 80 00 00 00 80 00 00 00 80 00 00 EA 19 02 00 14 1A 02 00 00 80 00 00 00 80 00 00 00 80 00 00 00 80 00 00 00 80 00 00 AD CA 3A 08 55 
AA 07 0C 55 50 F1 CA 00 80 00 00 00 80 00 00 00 80 00 00 00 80 00 00 00 80 00 00 00 80 00 00 89 12 00 00 9E 12 00 00 00 80 00 00 00 80 00 00 00 80 00 00 00 80 00 00 E1 CD 1C 16 55 
AA 07 0C 55 50 26 CE 00 80 00 00 00 80 00 00 00 80 00 00 00 80 00 00 00 80 00 00 00 80 00 00 00 80 00 00 00 80 00 00 00 80 00 00 00 80 00 00 00 80 00 00 00 80 00 00 21 D1 76 76 55 
AA 07 0C AC 50 65 D1 00 80 00 00 A2 0D 00 00 8B 0D 00 00 00 80 00 00 00 80 00 00 00 80 00 00 DB 0C 00 00 A6 0C 00 00 97 0C 00 00 8E 0C 00 00 6F 0C 00 00 00 80 00 00 58 D4 4F 66 55 
AA 07 0C AC 50 9D D4 00 80 00 00 00 80 00 00 00 80 00 00 00 80 00 00 C6 0B 00 00 BF 0B 00 00 C3 0B 00 00 D4 0B 00 00 CF 0B 00 00 00 80 00 00 00 80 00 00 B4 0B 00 00 86 D7 02 19 55 
AA 07 0C 14 50 CA D7 B0 0B 00 00 B3 0B 00 00 98 0B 00 00 8B 0B 00 00 8B 0B 00 00 87 0B 00 00 6D 0B 00 00 9A 0B 00 00 00 80 00 00 70 0B 00 00 66 0B 00 00 6E 0B 00 00 B8 DA 55 13 55 
AA 07 0C 14 50 FC DA 77 0B 00 00 77 0B 00 00 7F 0B 00 00 8E 0B 00 00 00 80 00 00 00 80 00 00 00 80 00 00 E6 0B 00 00 D1 0B 00 00 AE 0B 00 00 B3 0B 00 00 00 80 00 00 E9 DD EC 53 55 
AA 07 0C EE 4F 2D DE 00 80 00 00 00 80 00 00 AD 0B 04 00 C7 0B 05 00 DE 0B 05 00 F3 0B 04 00 00 80 00 00 9D 0B 00 00 04 0C 00 00 26 0C 00 00 3C 0C 00 00 4C 0C 00 00 1A E1 F0 4D 55 
AA 07 0C EE 4F 5E E1 66 0C 00 00 88 0C 00 00 A6 0C 00 00 B4 0C 00 00 DA 0C 00 00 00 80 00 00 00 80 00 00 6E 10 00 00 C2 10 00 00 DD 10 00 00 0E 11 00 00 25 11 00 00 4B E4 C4 57 55 
AA 07 0C D0 4F 8F E4 5E 11 00 00 00 80 00 00 00 80 00 00 00 80 00 00 00 80 00 00 00 80 00 00 B4 10 02 00 F0 10 00 00 00 80 00 00 00 80 00 00 00 80 00 00 00 80 00 00 7A E7 6D 43 55 
AA 07 0C D0 4F BE E7 00 80 00 00 00 80 00 00 00 80 00 00 00 80 00 00 00 80 00 00 00 80 00 00 00 80 00 00 00 80 00 00 00 80 00 00 00 80 00 00 00 80 00 00 00 80 00 00 A4 EA F9 47 55 
AA 07 0C 7F 4F E7 EA 00 80 00 00 00 80 00 00 00 80 00 00 00 80 00 00 00 80 00 00 4A 02 04 00 5C 02 05 00 71 02 04 00 88 02 04 00 A0 02 04 00 BA 02 03 00 D4 02 03 00 CF ED EB 30 55 
AA 07 0C 7C 4F 17 EE F3 02 03 00 00 80 00 00 00 80 00 00 7A 01 05 00 7A 01 1B 00 7B 01 18 00 7C 01 04 00 81 01 02 00 00 80 00 00 00 80 00 00 19 02 06 00 24 02 1B 00 FF F0 B9 09 55 
AA 07 0C 7C 4F 42 F1 28 02 16 00 A6 01 21 00 20 01 0E 00 21 01 0F 00 23 01 0F 00 23 01 0F 00 25 01 0C 00 27 01 0F 00 28 01 0E 00 29 01 09 00 2A 01 0F 00 2C 01 0C 00 2D F4 EF 7A 55 
AA 07 0C 6C 4F 71 F4 2F 01 09 00 2F 01 0B 00 32 01 09 00 34 01 0A 00 37 01 08 00 39 01 08 00 3C 01 07 00 3F 01 07 00 41 01 05 00 45 01 04 00 48 01 05 00 4B 01 05 00 58 F7 99 51 55 
AA 07 0C 6C 4F 9B F7 4F 01 05 00 53 01 04 00 57 01 03 00 5A 01 03 00 00 80 00 00 00 80 00 00 00 80 00 00 00 80 00 00 00 80 00 00 00 80 00 00 00 80 00 00 00 80 00 00 84 A0 45 55 55 
AA 07 0C 40 4F C7 A0 00 80 00 00 00 80 00 00 00 80 00 00 00 80 00 00 04 01 06 00 00 80 00 00 00 80 00 00 00 80 00 00 00 80 00 00 00 80 00 00 00 80 00 00 00 80 00 00 AD A3 10 27 55 
AA 07 0C 40 4F F1 A3 00 80 00 00 00 80 00 00 00 80 00 00 00 80 00 00 00 80 00 00 00 80 00 00 00 80 00 00 00 80 00 00 00 80 00 00 00 80 00 00 00 80 00 00 00 80 00 00 E2 A6 37 50 55 
AA 07 0C 21 51 26 A7 00 80 00 00 00 80 00 00 00 80 00 00 00 80 00 00 00 80 00 00 00 80 00 00 00 80 00 00 85 02 02 00 00 80 00 00 00 80 00 00 CC 20 00 00 78 20 00 00 10 
AA 0A 52 55 
AA 07 0C 21 51 54 
AA 29 20 00 00 5F 20 00 00 15 01 08 00 1B 01 15 00 00 80 00 00 00 80 00 00 56 1F 00 00 39 1F 00 00 00 80 00 00 00 80 00 00 
AA 1F 00 00 00 80 00 00 39 AD D2 47 55 
AA 07 0C 2B 51 7C AD 00 80 00 00 00 80 00 00 00 80 00 00 D4 1F 00 00 A9 1F 00 00 8C 1F 00 00 8F 1F 01 00 A2 1F 00 00 C8 1F 00 00 CF 1F 00 00 C0 1F 00 00 BA 1F 00 00 63 B0 07 12 55 
AA 07 0C 2B 51 A6 B0 26 1F 00 00 00 80 00 00 00 80 00 00 00 80 00 00 00 80 00 00 FE 20 00 00 D0 20 00 00 FE 20 00 00 00 80 00 00 4D 21 00 00 75 21 00 00 F3 20 00 00 9F B3 B3 7C 55 
AA 07 0C 31 51 E3 B3 7B 00 16 00 00 80 00 00 98 22 00 00 B8 22 00 00 02 23 00 00 00 80 00 00 00 80 00 00 00 80 00 00 00 80 00 00 00 80 00 00 00 80 00 00 00 80 00 00 CF B6 E8 6A 55 
AA 07 0C 31 51 13 B7 00 80 00 00 DC 02 0D 00 C3 02 13 00 A1 02 16 00 88 02 15 00 7D 02 17 00 6D 02 17 00 58 02 17 00 46 02 1E 00 44 02 1D 00 41 02 1B 00 35 02 1A 00 05 BA 98 52 55 
AA 07 0C 35 51 49 BA 2E 02 19 00 16 02 1C 00 0F 02 1E 00 0A 02 1E 00 FA 01 1D 00 F3 01 1E 00 D2 01 1A 00 D0 01 22 00 DB 01 14 00 A7 01 20 00 94 01 21 00 8C 01 25 00 36 BD A3 61 55 
AA 07 0C 35 51 7A BD 89 01 27 00 88 01 25 00 8A 01 23 00 8E 01 23 00 95 01 22 00 9D 01 1F 00 A8 01 1B 00 C3 01 0D 00 00 80 00 00 00 80 00 00 3C 04 0C 00 2E 04 0B 00 71 C0 B4 1F 55 
AA 07 0C 36 51 B5 C0 1E 04 0D 00 0F 04 0B 00 00 04 0C 00 F1 03 0D 00 E2 03 0C 00 CE 03 0D 00 C0 03 0D 00 AF 03 0E 00 9E 03 0C 00 90 03 0D 00 82 03 0E 00 71 03 0E 00 A4 C3 CB 05 55 
AA 07 0C 33 51 E8 C3 69 03 10 00 00 80 00 00 00 80 00 00 00 80 00 00 00 80 00 00 00 80 00 00 00 80 00 00 00 80 00 00 E4 1B 00 00 53 18 02 00 68 18 02 00 86 18 02 00 C8 C6 BD 26 55 
AA 07 0C 33 51 0C C7 00 80 00 00 00 80 00 00 00 80 00 00 00 80 00 00 00 80 00 00 00 80 00 00 00 80 00 00 A4 19 01 00 08 1A 02 00 54 1A 00 00 00 80 00 00 00 80 00 00 F5 C9 18 23 55 
AA 07 0C 2E 51 35 CA 00 80 00 00 00 80 00 00 00 80 00 00 00 80 00 00 00 80 00 00 00 80 00 00 00 80 00 00 00 80 00 00 00 80 00 00 00 80 00 00 A9 12 00 00 00 80 00 00 1A CD F1 20 55 
AA 07 0C 2E 51 5E CD 00 80 00 00 00 80 00 00 00 80 00 00 00 80 00 00 00 80 00 00 00 80 00 00 00 80 00 00 00 80 00 00 00 80 00 00 16 0F 00 00 00 80 00 00 00 80 00 00 4F D0 EC 62 55 
AA 07 0C 27 51 92 D0 00 80 00 00 00 80 00 00 00 80 00 00 00 80 00 00 B0 0D 00 00 8E 0D 00 00 00 80 00 00 00 80 00 00 00 80 00 00 00 80 00 00 C6 0C 00 00 A1 0C 00 00 7B D3 C9 19 55 
AA 07 0C 27 51 BF D3 8D 0C 00 00 82 0C 00 00 00 80 00 00 00 80 00 00 00 80 00 00 00 80 00 00 00 80 00 00 00 80 00 00 BB 0B 00 00 C2 0B 00 00 CD 0B 00 00 D7 0B 00 00 A0 D6 6C 61 55 
AA 07 0C 1E 51 E4 D6 D5 0B 00 00 00 80 00 00 A9 0B 00 00 B7 0B 00 00 AF 0B 00 00 AC 0B 00 00 91 0B 00 00 87 0B 00 00 8B 0B 00 00 85 0B 00 00 9A 0B 00 00 9F 0B 00 00 C7 D9 1D 06 55 
AA 07 0C 1E 51 0B DA 00 80 00 00 71 0B 00 00 68 0B 00 00 6F 0B 00 00 72 0B 00 00 83 0B 00 00 87 0B 00 00 93 0B 00 00 A0 0B 00 00 B4 0B 00 00 00 80 00 00 E5 0B 00 00 EE DC 1C 61 55 
AA 07 0C 12 51 31 DD C6 0B 00 00 
AA 0B 00 00 00 80 00 00 00 80 00 00 00 80 00 00 00 80 00 00 B1 0B 05 00 CB 0B 05 00 E2 0B 05 00 F5 0B 04 00 CE 0B 00 00 9A 0B 00 00 13 E0 91 22 55 
AA 07 0C 12 51 56 E0 04 0C 00 00 26 0C 00 00 47 0C 00 00 4C 0C 00 00 63 0C 00 00 8C 0C 00 00 A2 0C 00 00 B5 0C 00 00 D4 0C 00 00 00 80 00 00 00 80 00 00 7C 10 00 00 35 E3 D6 0C 55 
AA 07 0C 02 51 78 E3 AF 10 00 00 CA 10 00 00 02 11 00 00 28 11 00 00 61 11 00 00 00 80 00 00 00 80 00 00 00 80 00 00 00 80 00 00 00 80 00 00 97 10 02 00 DB 10 02 00 58 E6 CE 17 55 
AA 07 0C 02 51 9B E6 E1 11 00 00 00 80 00 00 00 80 00 00 00 80 00 00 00 80 00 00 00 80 00 00 00 80 00 00 00 80 00 00 00 80 00 00 00 80 00 00 00 80 00 00 00 80 00 00 75 E9 CA 0C 55 
AA 07 0C F2 50 B8 E9 A4 17 00 00 21 18 00 00 00 80 00 00 00 80 00 00 00 80 00 00 00 80 00 00 00 80 00 00 00 80 00 00 00 80 00 00 3B 02 01 00 51 02 05 00 63 02 04 00 94 EC C3 57 55 
AA 07 0C F2 50 D7 EC 78 02 04 00 8D 02 04 00 A6 02 03 00 C0 02 03 00 DB 02 03 00 FB 02 02 00 00 80 00 00 00 80 00 00 79 01 07 00 79 01 20 00 7A 01 13 00 7C 01 04 00 B5 EF 5D 2A 55 
AA 07 0C DF 50 F8 EF 00 80 00 00 00 80 00 00 00 80 00 00 1A 02 0A 00 24 02 1A 00 28 02 15 00 A6 01 21 00 1F 01 0D 00 22 01 0E 00 22 01 0F 00 23 01 0E 00 25 01 11 00 D3 F2 41 1A 55 
AA 07 0C DF 50 16 F3 26 01 10 00 28 01 09 00 2A 01 09 00 29 01 0C 00 2D 01 0C 00 2E 01 0C 00 30 01 09 00 32 01 0C 00 33 01 0B 00 37 01 07 00 38 01 09 00 3C 01 09 00 F3 F5 9A 42 55 
AA 07 0C CD 50 35 F6 3E 01 06 00 42 01 06 00 43 01 05 00 47 01 04 00 4A 01 05 00 4E 01 04 00 52 01 04 00 55 01 03 00 00 80 00 00 5E 01 04 00 61 01 03 00 68 01 02 00 10 F9 CD 2E 55 
AA 07 0C CD 50 52 F9 00 80 00 00 70 01 02 00 00 80 00 00 00 80 00 00 00 80 00 00 00 80 00 00 00 80 00 00 00 80 00 00 00 80 00 00 00 80 00 00 07 01 0B 00 00 80 00 00 28 A2 B5 00 55 
AA 07 0C B9 50 6A A2 00 80 00 00 00 80 00 00 00 80 00 00 00 80 00 00 00 80 00 00 00 80 00 00 00 80 00 00 00 80 00 00 00 80 00 00 00 80 00 00 00 80 00 00 00 80 00 00 42 A5 97 7A 55 
AA 07 0C B9 50 84 A5 00 80 00 00 00 80 00 00 00 80 00 00 00 80 00 00 00 80 00 00 00 80 00 00 00 80 00 00 00 80 00 00 00 80 00 00 00 80 00 00 00 80 00 00 00 80 00 00 67 A8 BC 65 55 
AA 07 0C A4 50 A9 A8 00 80 00 00 00 80 00 00 00 80 00 00 00 80 00 00 00 80 00 00 C3 20 00 00 75 20 00 00 3E 20 00 00 58 20 00 00 16 01 38 00 00 80 00 00 00 80 00 00 83 AB CB 41 55 
AA 07 0C A4 50 C5 AB 7E 1F 00 00 78 1F 00 00 F2 1E 00 00 00 80 00 00 00 80 00 00 81 00 1C 00 00 80 00 00 00 80 00 00 C6 1F 00 00 8B 1F 00 00 8C 1F 00 00 91 1F 00 00 9A AE 3B 7D 55 
AA 07 0C 8F 50 DC AE 84 1F 00 00 AE 1F 01 00 74 1F 00 00 DA 1F 00 00 E0 1F 00 00 8F 1F 00 00 00 80 00 00 00 80 00 00 00 80 00 00 00 80 00 00 A9 20 00 00 58 20 00 00 B2 B1 FF 26 55 
AA 07 0C 7A 50 00 B2 B4 20 00 00 D5 20 00 00 15 21 00 00 00 80 00 00 52 21 00 00 8A 21 00 00 A0 21 00 00 43 21 00 00 7C 00 14 00 00 80 00 00 99 22 00 00 C2 22 00 00 DB B4 81 29 55 
AA 07 0C 7A 50 1D B5 00 80 00 00 00 80 00 00 00 80 00 00 00 80 00 00 00 80 00 00 00 80 00 00 00 80 00 00 00 80 00 00 00 80 00 00 D7 02 0C 00 B1 02 14 00 9F 02 15 00 F8 B7 91 4E 55 
AA 07 0C 64 50 37 B8 86 02 17 00 7C 02 17 00 6B 02 16 00 55 02 18 00 46 02 1F 00 44 02 1D 00 40 02 1C 00 36 02 1B 00 2E 02 19 00 16 02 1B 00 0F 02 1E 00 0B 02 1E 00 0F BB 76 11 55 
AA 07 0C 64 50 51 BB FC 01 1D 00 F4 01 1F 00 EB 01 1C 00 D0 01 22 00 D5 01 1C 00 AC 01 1D 00 97 01 20 00 8F 01 25 00 89 01 24 00 87 01 25 00 89 01 23 00 8C 01 21 00 30 BE 7C 53 55 
AA 07 0C 4F 50 72 BE 92 01 21 00 99 01 21 00 A2 01 1C 00 B1 01 18 00 D7 01 05 00 00 80 00 00 00 80 00 00 3B 04 0A 00 28 04 0A 00 1F 04 0C 00 0D 04 0C 00 FD 03 0B 00 4B C1 4E 4A 55 
AA 07 0C 4F 50 8E C1 ED 03 0C 00 DE 03 0C 00 CC 03 0C 00 BF 03 0C 00 AE 03 0D 00 9D 03 0C 00 8F 03 0D 00 82 03 0E 00 71 03 0E 00 69 03 10 00 00 80 00 00 00 80 00 00 62 C4 F1 0E 55 
AA 07 0C 39 50 A4 C4 00 80 00 00 00 80 00 00 00 80 00 00 00 80 00 00 00 80 00 00 00 80 00 00 35 18 01 00 65 18 02 00 79 18 02 00 00 80 00 00 00 80 00 00 00 80 00 00 79 C7 C9 5D 55 
AA 07 0C 39 50 BB C7 00 80 00 00 00 80 00 00 00 80 00 00 00 80 00 00 00 80 00 00 D5 19 01 00 FE 19 02 00 00 80 00 00 00 80 00 00 00 80 00 00 00 80 00 00 00 80 00 00 92 CA 12 74 55 
AA 07 0C 24 50 D4 CA 00 80 00 00 00 80 00 00 00 80 00 00 00 80 00 00 00 80 00 00 00 80 00 00 9A 12 01 00 00 80 00 00 AB 12 01 00 00 80 00 00 00 80 00 00 00 80 00 00 A8 CD F6 67 55 
AA 07 0C 24 50 EA CD 00 80 00 00 00 80 00 00 00 80 00 00 00 80 00 00 00 80 00 00 00 80 00 00 00 80 00 00 00 80 00 00 00 80 00 00 00 80 00 00 00 80 00 00 00 80 00 00 C8 D0 1D 7E 55 
AA 07 0C 0F 50 0A D1 00 80 00 00 00 80 00 00 B3 0D 00 00 91 0D 00 00 00 80 00 00 00 80 00 00 00 80 00 00 00 80 00 00 00 80 00 00 AD 0C 00 00 95 0C 00 00 82 0C 00 00 E1 D3 6A 22 55 
AA 07 0C 0F 50 23 D4 7C 0C 00 00 00 80 00 00 00 80 00 00 00 80 00 00 00 80 00 00 00 80 00 00 00 80 00 00 BC 0B 00 00 C2 0B 00 00 CC 0B 00 00 D2 0B 00 00 DC 0B 00 00 EC D6 FA 44 55 
AA 07 0C F9 4F 2D D7 00 80 00 00 AE 0B 00 00 AD 0B 00 00 AC 0B 00 00 A3 0B 00 00 8F 0B 00 00 84 0B 00 00 83 0B 00 00 7F 0B 00 00 92 0B 00 00 9D 0B 00 00 00 80 00 00 FD D9 4B 58 55 
AA 07 0C F9 4F 3E DA 6D 0B 00 00 66 0B 00 00 72 0B 00 00 6E 0B 00 00 7B 0B 00 00 83 0B 00 00 94 0B 00 00 00 80 00 00 00 80 00 00 00 80 00 00 DA 0B 00 00 E1 0B 00 00 0E DD 4F 14 55 
AA 07 0C E2 4F 4F DD B6 0B 00 00 AF 0B 00 00 00 80 00 00 4A 0F 00 00 B3 0B 00 00 A0 0B 04 00 B8 0B 05 00 CE 0B 05 00 E7 0B 05 00 F9 0B 04 00 BA 0B 00 00 A0 0B 00 00 1D E0 7B 55 55 
AA 07 0C E2 4F 5F E0 13 0C 00 00 34 0C 00 00 40 0C 00 00 4C 0C 00 00 64 0C 00 00 8E 0C 00 00 A1 0C 00 00 B6 0C 00 00 D4 0C 00 00 00 80 00 00 00 80 00 00 00 80 00 00 2F E3 07 07 55 
AA 07 0C CB 4F 70 E3 
AA 10 00 00 CA 10 00 00 01 11 00 00 2B 11 00 00 71 11 00 00 00 80 00 00 C1 11 00 00 00 80 00 00 00 80 00 00 00 80 00 00 7B 10 02 00 CF 10 02 00 3D E6 13 36 55 
AA 07 0C CB 4F 7E E6 A5 11 00 00 00 80 00 00 00 80 00 00 00 80 00 00 00 80 00 00 00 80 00 00 00 80 00 00 00 80 00 00 00 80 00 00 00 80 00 00 00 80 00 00 00 80 00 00 49 E9 9E 68 55 
AA 07 0C B4 4F 8A E9 00 80 00 00 A6 17 00 00 00 80 00 00 00 80 00 00 00 80 00 00 00 80 00 00 00 80 00 00 00 80 00 00 00 80 00 00 00 80 00 00 3C 02 02 00 51 02 05 00 55 EC B5 19 55 
AA 07 0C B4 4F 96 EC 63 02 04 00 78 02 05 00 8D 02 04 00 A4 02 03 00 BE 02 03 00 D9 02 03 00 F5 02 03 00 00 80 00 00 00 80 00 00 7A 01 05 00 79 01 17 00 7B 01 1E 00 61 EF 8A 77 55 
AA 07 0C 9C 4F A2 EF 7B 01 06 00 7E 01 02 00 00 80 00 00 00 80 00 00 00 80 00 00 20 02 1F 00 A1 01 27 00 A3 01 1E 00 AC 01 16 00 22 01 0E 00 21 01 11 00 24 01 0D 00 6C F2 CF 2F 55 
AA 07 0C 9C 4F AD F2 24 01 10 00 24 01 10 00 27 01 0C 00 27 01 0D 00 29 01 0B 00 2B 01 0D 00 2C 01 0C 00 2F 01 0A 00 30 01 0B 00 32 01 0B 00 33 01 0A 00 37 01 07 00 76 F5 76 25 55 
AA 07 0C 82 4F B6 F5 39 01 0A 00 3B 01 08 00 3E 01 05 00 41 01 05 00 44 01 05 00 47 01 05 00 49 01 05 00 4E 01 04 00 51 01 03 00 54 01 04 00 00 80 00 00 5C 01 03 00 7E F8 1A 47 00 